0	0.000459618
1	0.0752831
2	0.0553549
3	0.0456655
4	0.0390378
5	0.0346366
6	0.0316233
7	0.0284434
8	0.0262027
9	0.0240112
10	0.0222882
11	0.0206002
12	0.019007
13	0.0178715
14	0.0164042
15	0.0155418
16	0.0143405
17	0.0135361
18	0.0128512
19	0.0119533
20	0.0116086
21	0.0104828
22	0.00992439
23	0.00930403
24	0.00913749
25	0.00855909
26	0.00824601
27	0.0077483
28	0.00737906
29	0.00703499
30	0.0067742
31	0.0065644
32	0.00619451
33	0.00571553
34	0.00564904
35	0.00531272
36	0.00518297
37	0.00473303
38	0.00467558
39	0.00460134
40	0.00433022
41	0.00425986
42	0.00410751
43	0.00385769
44	0.00362595
45	0.00364208
46	0.00341228
47	0.00332642
48	0.00322894
49	0.00309209
50	0.0030482
51	0.00293587
52	0.00292555
53	0.00273511
54	0.00270671
55	0.00264474
56	0.00252661
57	0.00250079
58	0.00240202
59	0.00228905
60	0.00222773
61	0.00212896
62	0.00210701
63	0.00196822
64	0.00200631
65	0.00191077
66	0.00183395
67	0.00187979
68	0.00176424
69	0.00178877
70	0.00173454
71	0.00169323
72	0.00163448
73	0.00167386
74	0.00157122
75	0.00156089
76	0.00157897
77	0.00153378
78	0.00154153
79	0.00143631
80	0.00138079
81	0.00139564
82	0.00136272
83	0.00133883
84	0.00135497
85	0.00132786
86	0.00126008
87	0.00120456
88	0.00120779
89	0.00119681
90	0.00114904
91	0.0012136
92	0.00111419
93	0.00110902
94	0.00111548
95	0.00110838
96	0.00105867
97	0.0010548
98	0.0010251
99	0.000984434
100	0.000965714
101	0.000988953
102	0.00102188
103	0.000971524
104	0.000912135
105	0.000925691
106	0.000842418
107	0.000892769
108	0.000865011
109	0.000881795
110	0.000875985
111	0.000845
112	0.000826925
113	0.000846936
114	0.000834671
115	0.000788839
116	0.000763017
117	0.000747525
118	0.000777864
119	0.0007727
120	0.00074817
121	0.000734614
122	0.000728159
123	0.000783029
124	0.000744297
125	0.000686199
126	0.000696528
127	0.00068749
128	0.000695237
129	0.000695882
130	0.000721058
131	0.00065715
132	0.000702983
133	0.000639721
134	0.000617773
135	0.000680389
136	0.000659732
137	0.00066296
138	0.000666188
139	0.000624874
140	0.000623583
141	0.000600989
142	0.000631329
143	0.000676516
144	0.000615836
145	0.000600344
146	0.000598407
147	0.000611318
148	0.000620355
149	0.000562257
150	0.000616482
151	0.000593243
152	0.000562903
153	0.000537082
154	0.000539018
155	0.000553865
156	0.000561612
157	0.000545473
158	0.000504159
159	0.000509324
160	0.0005416
161	0.000566776
162	0.000517716
163	0.000489958
164	0.000513197
165	0.000545473
166	0.000515779
167	0.00047382
168	0.000487376
169	0.000491249
170	0.000475756
171	0.000509969
172	0.000524171
173	0.000511906
174	0.000527399
175	0.000474465
176	0.000483502
177	0.000466719
178	0.000487376
179	0.000488021
180	0.000454454
181	0.000455745
182	0.000478338
183	0.000458327
184	0.00045058
185	0.000438315
186	0.000446062
187	0.000446707
188	0.000426696
189	0.00044348
190	0.00043186
191	0.000431215
192	0.000447353
193	0.000434442
194	0.000453163
195	0.000433797
196	0.000429278
197	0.000433151
198	0.000432506
199	0.000417013
200	0.000441543
201	0.00040152
202	0.000415076
203	0.000422177
204	0.000400875
205	0.000418304
206	0.000389901
207	0.00042605
208	0.000398292
209	0.000400875
210	0.000367952
211	0.0003828
212	0.000353105
213	0.000386027
214	0.000404748
215	0.000382154
216	0.000349232
217	0.000346004
218	0.000371826
219	0.000362143
220	0.000349232
221	0.000360206
222	0.000385382
223	0.000355042
224	0.000364725
225	0.000356978
226	0.000342131
227	0.000383445
228	0.000357624
229	0.00032212
230	0.000364725
231	0.000381509
232	0.000373762
233	0.000386027
234	0.00033503
235	0.000346004
236	0.000357624
237	0.00034084
238	0.000344068
239	0.000350523
240	0.000339549
241	0.000380863
242	0.000340195
243	0.000331157
244	0.000391837
245	0.000325993
246	0.00035246
247	0.000334385
248	0.000342131
249	0.00034665
250	0.000360852
251	0.000360206
252	0.000320829
253	0.000331803
254	0.000341486
255	0.000333739
256	0.000355042
257	0.00032793
258	0.00035246
259	0.00031631
260	0.000324702
261	0.000319538
262	0.000328575
263	0.000336321
264	0.000313082
265	0.000302108
266	0.00032212
267	0.000314373
268	0.000344713
269	0.000288552
270	0.00033503
271	0.000333094
272	0.000305336
273	0.000311146
274	0.000293071
275	0.00030469
276	0.000316956
277	0.000289198
278	0.000324702
279	0.000292425
280	0.000306627
281	0.000316956
282	0.000295653
283	0.000293716
284	0.000305982
285	0.000299526
286	0.000303399
287	0.000293071
288	0.000289843
289	0.00029759
290	0.000298235
291	0.000292425
292	0.000294362
293	0.000326639
294	0.000317601
295	0.00026725
296	0.000311146
297	0.000289843
298	0.000281451
299	0.000276287
300	0.000309209
301	0.000283388
302	0.000274351
303	0.000279515
304	0.000266604
305	0.00030469
306	0.000278224
307	0.0003105
308	0.000300172
309	0.000278224
310	0.000282097
311	0.000263377
312	0.000281451
313	0.000287261
314	0.000293071
315	0.000258858
316	0.000274996
317	0.000265959
318	0.000257567
319	0.00029178
320	0.000266604
321	0.000240783
322	0.000254985
323	0.000285325
324	0.000262731
325	0.000268541
326	0.000251757
327	0.000259503
328	0.000247884
329	0.000236264
330	0.000259503
331	0.00024272
332	0.000247238
333	0.0002311
334	0.000244656
335	0.000245302
336	0.000253048
337	0.000243365
338	0.000247238
339	0.000265313
340	0.000244011
341	0.000256276
342	0.000254339
343	0.000218189
344	0.000254985
345	0.000238846
346	0.000256276
347	0.000235619
348	0.0002311
349	0.000240137
350	0.000241428
351	0.000222708
352	0.000236264
353	0.000224645
354	0.000235619
355	0.000225936
356	0.000226581
357	0.000209797
358	0.000211089
359	0.000222708
360	0.000250466
361	0.000228518
362	0.000228518
363	0.000223354
364	0.000229809
365	0.000209152
366	0.000220126
367	0.000223354
368	0.0002311
369	0.000222063
370	0.0002311
371	0.000222063
372	0.000223999
373	0.000196887
374	0.000231746
375	0.00021238
376	0.000234328
377	0.000248529
378	0.000223354
379	0.00022529
380	0.000239492
381	0.000205924
382	0.000202051
383	0.000222708
384	0.00021238
385	0.000205924
386	0.000205279
387	0.000238201
388	0.000215607
389	0.00022529
390	0.000196887
391	0.000211089
392	0.000229809
393	0.000222708
394	0.000195596
395	0.000202051
396	0.000210443
397	0.00020076
398	0.000207215
399	0.000218835
400	0.000217544
401	0.000205924
402	0.000190432
403	0.000213025
404	0.000209152
405	0.00019495
406	0.000199469
407	0.000218189
408	0.000178812
409	0.000205924
410	0.000209152
411	0.000183331
412	0.000195596
413	0.000205924
414	0.000200115
415	0.000202051
416	0.000198823
417	0.000181394
418	0.00022529
419	0.00020076
420	0.000181394
421	0.000199469
422	0.000191723
423	0.000191723
424	0.000218189
425	0.000190432
426	0.000213025
427	0.000162028
428	0.00020657
429	0.000208506
430	0.000194305
431	0.000196887
432	0.000195596
433	0.00020076
434	0.000171066
435	0.000199469
436	0.000196887
437	0.000194305
438	0.000185913
439	0.000167838
440	0.000204633
441	0.000198178
442	0.000190432
443	0.000205279
444	0.000185913
445	0.000179458
446	0.000180749
447	0.000194305
448	0.000171711
449	0.000183331
450	0.000167192
451	0.000183331
452	0.000190432
453	0.000172357
454	0.000176875
455	0.000195596
456	0.00019495
457	0.000198823
458	0.000190432
459	0.000178166
460	0.000172357
461	0.000177521
462	0.000165256
463	0.00016461
464	0.00017623
465	0.000157509
466	0.000183976
467	0.000167838
468	0.00018204
469	0.000193014
470	0.000195596
471	0.000165901
472	0.000160737
473	0.000168484
474	0.000185267
475	0.000171066
476	0.000178812
477	0.000156218
478	0.000165901
479	0.000161383
480	0.000193659
481	0.000194305
482	0.000185267
483	0.000171711
484	0.000163965
485	0.000174939
486	0.000163319
487	0.000156864
488	0.000174293
489	0.000172357
490	0.000184622
491	0.000185267
492	0.000165256
493	0.000167192
494	0.00017042
495	0.000162674
496	0.000174293
497	0.000171711
498	0.00016461
499	0.000163965
500	0.000155573
501	0.000147827
502	0.000142662
503	0.000166547
504	0.000167838
505	0.000160092
506	0.000175584
507	0.000154282
508	0.00016461
509	0.000166547
510	0.000158801
511	0.000174939
512	0.000169775
513	0.000162674
514	0.000187204
515	0.000162028
516	0.000154927
517	0.000193014
518	0.000151054
519	0.00018204
520	0.000161383
521	0.000171711
522	0.000162028
523	0.000143953
524	0.00017623
525	0.000160737
526	0.000159446
527	0.000160092
528	0.00019495
529	0.00016461
530	0.000162674
531	0.000172357
532	0.000166547
533	0.000152991
534	0.000171066
535	0.000155573
536	0.000160092
537	0.000150409
538	0.000160737
539	0.00014589
540	0.000157509
541	0.000152345
542	0.000165901
543	0.000139435
544	0.0001517
545	0.000158801
546	0.000172357
547	0.000148472
548	0.000154927
549	0.000163965
550	0.000155573
551	0.000157509
552	0.000143308
553	0.000157509
554	0.000148472
555	0.00014589
556	0.0001517
557	0.000156218
558	0.000156864
559	0.000149763
560	0.000152345
561	0.000141371
562	0.000142017
563	0.000147181
564	0.000144599
565	0.000135561
566	0.000147827
567	0.000152345
568	0.000156218
569	0.000153636
570	0.000175584
571	0.000143953
572	0.000136207
573	0.000162674
574	0.000152991
575	0.000143308
576	0.000129752
577	0.00012717
578	0.000152345
579	0.00016461
580	0.000136853
581	0.000157509
582	0.000167838
583	0.000173648
584	0.000139435
585	0.000141371
586	0.000154927
587	0.000159446
588	0.000158801
589	0.000154282
590	0.000143953
591	0.00014008
592	0.000158801
593	0.0001517
594	0.000163965
595	0.000136207
596	0.000137498
597	0.000138144
598	0.000137498
599	0.000135561
600	0.000145244
601	0.000138789
602	0.000137498
603	0.000129106
604	0.000142017
605	0.000129752
606	0.000119423
607	0.000143953
608	0.00012136
609	0.000152345
610	0.000144599
611	0.000141371
612	0.000129752
613	0.000156218
614	0.000116196
615	0.000143308
616	0.000133625
617	0.000142662
618	0.000133625
619	0.000130397
620	0.000162674
621	0.000127815
622	0.000141371
623	0.000125233
624	0.0001517
625	0.000138789
626	0.000153636
627	0.000148472
628	0.000128461
629	0.000139435
630	0.000151054
631	0.000131043
632	0.0001517
633	0.000129106
634	0.000124587
635	0.000138789
636	0.000132979
637	0.000120714
638	0.000141371
639	0.000116196
640	0.000126524
641	0.000116196
642	0.000125878
643	0.000118132
644	0.000116196
645	0.000146535
646	0.00014008
647	0.000123942
648	0.000124587
649	0.000111031
650	0.000133625
651	0.000118778
652	0.000132334
653	0.00013427
654	0.000130397
655	0.000134916
656	0.000112322
657	0.000125878
658	0.000114259
659	0.000140726
660	0.000117487
661	0.000122005
662	0.000101994
663	0.000116841
664	0.00012136
665	0.000118778
666	0.000125233
667	0.000114259
668	0.00010974
669	0.000129752
670	9.94117e-05
671	0.000120069
672	0.000129752
673	0.000112968
674	0.000107804
675	0.000126524
676	0.000112968
677	0.000111677
678	0.00010974
679	0.000114904
680	0.000130397
681	0.000126524
682	0.00010974
683	0.00012136
684	0.000126524
685	0.000116196
686	0.000110386
687	0.000120714
688	0.000105222
689	0.000124587
690	0.000110386
691	0.000112968
692	0.000110386
693	0.000116841
694	9.42475e-05
695	0.000118132
696	0.000112322
697	0.000118132
698	9.42475e-05
699	0.000105222
700	0.000105867
701	0.000123296
702	0.000125233
703	0.000108449
704	9.68296e-05
705	0.000100057
706	0.000100057
707	9.29564e-05
708	0.00010974
709	0.000106513
710	9.87662e-05
711	0.000117487
712	0.000111031
713	0.00010974
714	9.55385e-05
715	0.000113613
716	0.000109095
717	0.000101348
718	0.00010974
719	0.000105222
720	0.000100057
721	0.000101348
722	0.000101994
723	9.55385e-05
724	0.000116196
725	9.55385e-05
726	9.23109e-05
727	0.000112322
728	0.000102639
729	9.94117e-05
730	0.000112322
731	0.00010393
732	8.58556e-05
733	9.55385e-05
734	0.00011555
735	0.000100703
736	9.55385e-05
737	9.03743e-05
738	9.16654e-05
739	9.23109e-05
740	9.16654e-05
741	9.03743e-05
742	9.16654e-05
743	9.29564e-05
744	0.000103285
745	9.4893e-05
746	9.03743e-05
747	0.000107804
748	9.42475e-05
749	0.000114259
750	9.68296e-05
751	0.000109095
752	0.000100703
753	0.000100057
754	8.19824e-05
755	0.000106513
756	0.000100057
757	9.23109e-05
758	0.000101348
759	9.42475e-05
760	8.90832e-05
761	9.3602e-05
762	9.81207e-05
763	0.000100057
764	9.29564e-05
765	9.61841e-05
766	7.4236e-05
767	9.29564e-05
768	9.61841e-05
769	8.32735e-05
770	9.03743e-05
771	9.16654e-05
772	0.000113613
773	9.10198e-05
774	9.3602e-05
775	8.06913e-05
776	8.84377e-05
777	9.55385e-05
778	8.97288e-05
779	7.87547e-05
780	0.000102639
781	8.84377e-05
782	7.68182e-05
783	7.16539e-05
784	7.2945e-05
785	8.32735e-05
786	9.29564e-05
787	7.61726e-05
788	9.68296e-05
789	7.81092e-05
790	9.74751e-05
791	8.06913e-05
792	8.71466e-05
793	8.97288e-05
794	8.19824e-05
795	7.61726e-05
796	7.87547e-05
797	9.23109e-05
798	7.81092e-05
799	7.55271e-05
800	8.65011e-05
801	8.97288e-05
802	7.87547e-05
803	9.03743e-05
804	7.74637e-05
805	9.16654e-05
806	8.65011e-05
807	8.06913e-05
808	8.32735e-05
809	6.97173e-05
810	8.06913e-05
811	8.77922e-05
812	8.77922e-05
813	8.90832e-05
814	8.58556e-05
815	8.45645e-05
816	8.26279e-05
817	8.45645e-05
818	8.26279e-05
819	8.52101e-05
820	9.23109e-05
821	7.48816e-05
822	8.06913e-05
823	7.61726e-05
824	7.35905e-05
825	6.13254e-05
826	8.3919e-05
827	7.35905e-05
828	8.06913e-05
829	7.2945e-05
830	6.26165e-05
831	7.55271e-05
832	8.65011e-05
833	7.35905e-05
834	6.90718e-05
835	8.19824e-05
836	8.06913e-05
837	7.68182e-05
838	8.84377e-05
839	9.23109e-05
840	7.22994e-05
841	9.03743e-05
842	8.52101e-05
843	7.55271e-05
844	6.64897e-05
845	6.26165e-05
846	8.06913e-05
847	6.64897e-05
848	8.58556e-05
849	7.16539e-05
850	7.4236e-05
851	6.97173e-05
852	7.16539e-05
853	7.35905e-05
854	7.81092e-05
855	7.68182e-05
856	6.00344e-05
857	7.2945e-05
858	6.3262e-05
859	8.06913e-05
860	7.03628e-05
861	6.97173e-05
862	7.35905e-05
863	6.97173e-05
864	8.97288e-05
865	7.74637e-05
866	7.81092e-05
867	7.68182e-05
868	8.06913e-05
869	6.77807e-05
870	7.61726e-05
871	6.90718e-05
872	7.61726e-05
873	6.06799e-05
874	6.64897e-05
875	6.64897e-05
876	8.77922e-05
877	6.84263e-05
878	6.64897e-05
879	6.84263e-05
880	6.84263e-05
881	6.3262e-05
882	7.48816e-05
883	7.16539e-05
884	5.87433e-05
885	6.77807e-05
886	8.32735e-05
887	6.90718e-05
888	6.26165e-05
889	6.26165e-05
890	7.4236e-05
891	6.71352e-05
892	6.3262e-05
893	6.84263e-05
894	7.48816e-05
895	6.3262e-05
896	6.39075e-05
897	7.81092e-05
898	6.45531e-05
899	6.39075e-05
900	7.87547e-05
901	7.22994e-05
902	7.94003e-05
903	6.06799e-05
904	6.84263e-05
905	5.80978e-05
906	7.4236e-05
907	7.10084e-05
908	7.4236e-05
909	6.90718e-05
910	6.45531e-05
911	7.61726e-05
912	6.26165e-05
913	7.55271e-05
914	5.93888e-05
915	5.74522e-05
916	6.77807e-05
917	6.3262e-05
918	6.19709e-05
919	7.2945e-05
920	5.87433e-05
921	7.4236e-05
922	5.48701e-05
923	5.74522e-05
924	5.61612e-05
925	6.26165e-05
926	5.93888e-05
927	5.93888e-05
928	6.58441e-05
929	6.00344e-05
930	6.26165e-05
931	5.74522e-05
932	5.87433e-05
933	6.26165e-05
934	6.00344e-05
935	6.26165e-05
936	6.45531e-05
937	5.55156e-05
938	5.55156e-05
939	6.26165e-05
940	7.35905e-05
941	4.90603e-05
942	5.2288e-05
943	5.80978e-05
944	5.87433e-05
945	4.84148e-05
946	6.51986e-05
947	6.06799e-05
948	6.90718e-05
949	5.80978e-05
950	5.68067e-05
951	6.19709e-05
952	5.80978e-05
953	5.48701e-05
954	5.3579e-05
955	5.16425e-05
956	5.29335e-05
957	5.48701e-05
958	4.97059e-05
959	6.3262e-05
960	4.64782e-05
961	6.06799e-05
962	5.29335e-05
963	5.03514e-05
964	3.87318e-05
965	3.93774e-05
966	5.48701e-05
967	5.16425e-05
968	6.00344e-05
969	4.97059e-05
970	6.26165e-05
971	5.03514e-05
972	5.42246e-05
973	4.51871e-05
974	4.45416e-05
975	5.61612e-05
976	5.55156e-05
977	5.09969e-05
978	6.3262e-05
979	5.80978e-05
980	5.61612e-05
981	6.13254e-05
982	4.58327e-05
983	5.16425e-05
984	4.58327e-05
985	6.26165e-05
986	4.77693e-05
987	5.55156e-05
988	5.2288e-05
989	6.00344e-05
990	5.93888e-05
991	4.58327e-05
992	4.84148e-05
993	5.48701e-05
994	5.55156e-05
995	5.42246e-05
996	4.32506e-05
997	5.80978e-05
998	5.3579e-05
999	5.74522e-05
1000	4.32506e-05
1001	4.71237e-05
1002	5.87433e-05
1003	4.77693e-05
1004	4.06684e-05
1005	5.61612e-05
1006	4.71237e-05
1007	4.58327e-05
1008	4.71237e-05
1009	5.09969e-05
1010	4.51871e-05
1011	5.80978e-05
1012	5.68067e-05
1013	5.3579e-05
1014	5.03514e-05
1015	4.2605e-05
1016	5.48701e-05
1017	5.29335e-05
1018	5.48701e-05
1019	4.00229e-05
1020	3.61497e-05
1021	4.00229e-05
1022	4.06684e-05
1023	4.90603e-05
1024	4.1314e-05
1025	4.97059e-05
1026	5.87433e-05
1027	4.84148e-05
1028	4.71237e-05
1029	4.84148e-05
1030	5.3579e-05
1031	4.77693e-05
1032	4.2605e-05
1033	4.1314e-05
1034	5.61612e-05
1035	5.03514e-05
1036	4.58327e-05
1037	4.00229e-05
1038	4.77693e-05
1039	4.71237e-05
1040	4.58327e-05
1041	4.2605e-05
1042	5.29335e-05
1043	5.42246e-05
1044	3.48587e-05
1045	4.38961e-05
1046	4.38961e-05
1047	3.93774e-05
1048	4.19595e-05
1049	5.48701e-05
1050	4.51871e-05
1051	5.68067e-05
1052	4.51871e-05
1053	5.16425e-05
1054	2.84034e-05
1055	5.03514e-05
1056	4.1314e-05
1057	5.09969e-05
1058	5.3579e-05
1059	4.19595e-05
1060	3.74408e-05
1061	4.77693e-05
1062	4.58327e-05
1063	5.42246e-05
1064	4.64782e-05
1065	3.87318e-05
1066	5.16425e-05
1067	5.16425e-05
1068	3.93774e-05
1069	4.84148e-05
1070	5.3579e-05
1071	5.16425e-05
1072	4.06684e-05
1073	4.58327e-05
1074	3.22765e-05
1075	4.77693e-05
1076	4.51871e-05
1077	4.2605e-05
1078	3.80863e-05
1079	3.67952e-05
1080	4.90603e-05
1081	3.09855e-05
1082	4.64782e-05
1083	4.32506e-05
1084	4.19595e-05
1085	4.06684e-05
1086	4.00229e-05
1087	3.42131e-05
1088	4.38961e-05
1089	4.06684e-05
1090	3.87318e-05
1091	3.93774e-05
1092	4.45416e-05
1093	3.61497e-05
1094	4.58327e-05
1095	4.38961e-05
1096	3.48587e-05
1097	3.80863e-05
1098	3.1631e-05
1099	4.45416e-05
1100	3.03399e-05
1101	4.97059e-05
1102	5.03514e-05
1103	4.2605e-05
1104	4.1314e-05
1105	3.61497e-05
1106	4.06684e-05
1107	3.80863e-05
1108	2.64668e-05
1109	3.1631e-05
1110	4.1314e-05
1111	3.42131e-05
1112	4.32506e-05
1113	4.2605e-05
1114	5.03514e-05
1115	4.64782e-05
1116	3.74408e-05
1117	3.29221e-05
1118	2.90489e-05
1119	4.84148e-05
1120	4.06684e-05
1121	2.71123e-05
1122	4.32506e-05
1123	4.45416e-05
1124	3.29221e-05
1125	4.45416e-05
1126	3.1631e-05
1127	4.71237e-05
1128	3.74408e-05
1129	4.32506e-05
1130	4.00229e-05
1131	3.67952e-05
1132	3.80863e-05
1133	3.55042e-05
1134	4.38961e-05
1135	4.58327e-05
1136	3.67952e-05
1137	3.42131e-05
1138	4.2605e-05
1139	3.80863e-05
1140	4.38961e-05
1141	4.19595e-05
1142	3.55042e-05
1143	3.03399e-05
1144	4.1314e-05
1145	2.84034e-05
1146	3.80863e-05
1147	4.06684e-05
1148	3.29221e-05
1149	2.90489e-05
1150	2.96944e-05
1151	2.90489e-05
1152	2.00115e-05
1153	3.87318e-05
1154	4.00229e-05
1155	3.80863e-05
1156	3.61497e-05
1157	4.19595e-05
1158	4.19595e-05
1159	3.80863e-05
1160	3.09855e-05
1161	3.03399e-05
1162	2.77578e-05
1163	2.84034e-05
1164	4.06684e-05
1165	2.51757e-05
1166	2.96944e-05
1167	3.42131e-05
1168	3.67952e-05
1169	2.90489e-05
1170	3.74408e-05
1171	3.87318e-05
1172	2.96944e-05
1173	3.87318e-05
1174	3.87318e-05
1175	3.67952e-05
1176	3.93774e-05
1177	2.84034e-05
1178	3.74408e-05
1179	3.22765e-05
1180	3.1631e-05
1181	4.00229e-05
1182	2.84034e-05
1183	4.45416e-05
1184	3.48587e-05
1185	3.03399e-05
1186	2.96944e-05
1187	2.64668e-05
1188	3.80863e-05
1189	3.35676e-05
1190	3.93774e-05
1191	3.1631e-05
1192	3.61497e-05
1193	2.32391e-05
1194	4.06684e-05
1195	3.03399e-05
1196	3.67952e-05
1197	5.29335e-05
1198	3.55042e-05
1199	3.09855e-05
1200	3.74408e-05
1201	3.03399e-05
1202	3.48587e-05
1203	3.22765e-05
1204	3.22765e-05
1205	3.29221e-05
1206	2.84034e-05
1207	2.71123e-05
1208	3.1631e-05
1209	2.45302e-05
1210	3.67952e-05
1211	4.45416e-05
1212	3.42131e-05
1213	2.84034e-05
1214	3.29221e-05
1215	3.42131e-05
1216	3.48587e-05
1217	3.80863e-05
1218	4.00229e-05
1219	2.51757e-05
1220	3.22765e-05
1221	2.84034e-05
1222	4.45416e-05
1223	2.77578e-05
1224	3.74408e-05
1225	3.67952e-05
1226	3.29221e-05
1227	3.42131e-05
1228	3.61497e-05
1229	4.38961e-05
1230	3.93774e-05
1231	3.61497e-05
1232	4.71237e-05
1233	4.45416e-05
1234	3.35676e-05
1235	4.45416e-05
1236	4.2605e-05
1237	4.1314e-05
1238	4.00229e-05
1239	3.29221e-05
1240	3.1631e-05
1241	4.00229e-05
1242	3.67952e-05
1243	2.90489e-05
1244	4.45416e-05
1245	4.38961e-05
1246	4.38961e-05
1247	4.64782e-05
1248	4.00229e-05
1249	4.00229e-05
1250	3.48587e-05
1251	3.80863e-05
1252	3.67952e-05
1253	2.90489e-05
1254	3.1631e-05
1255	3.35676e-05
1256	3.55042e-05
1257	3.80863e-05
1258	3.1631e-05
1259	3.74408e-05
1260	3.87318e-05
1261	3.09855e-05
1262	3.09855e-05
1263	3.35676e-05
1264	2.58212e-05
1265	3.55042e-05
1266	2.51757e-05
1267	3.29221e-05
1268	3.93774e-05
1269	3.22765e-05
1270	3.80863e-05
1271	3.29221e-05
1272	2.00115e-05
1273	3.87318e-05
1274	3.35676e-05
1275	3.22765e-05
1276	3.61497e-05
1277	2.77578e-05
1278	3.09855e-05
1279	2.58212e-05
1280	2.84034e-05
1281	3.29221e-05
1282	2.25936e-05
1283	3.22765e-05
1284	3.03399e-05
1285	3.03399e-05
1286	2.96944e-05
1287	2.64668e-05
1288	3.35676e-05
1289	2.90489e-05
1290	3.29221e-05
1291	2.58212e-05
1292	3.35676e-05
1293	3.03399e-05
1294	3.55042e-05
1295	3.22765e-05
1296	2.51757e-05
1297	3.61497e-05
1298	3.09855e-05
1299	3.09855e-05
1300	2.77578e-05
1301	2.58212e-05
1302	3.1631e-05
1303	3.22765e-05
1304	2.90489e-05
1305	3.35676e-05
1306	3.87318e-05
1307	2.51757e-05
1308	3.22765e-05
1309	2.32391e-05
1310	2.38846e-05
1311	2.90489e-05
1312	3.22765e-05
1313	2.13025e-05
1314	2.51757e-05
1315	2.64668e-05
1316	2.1948e-05
1317	1.80749e-05
1318	2.58212e-05
1319	2.71123e-05
1320	2.45302e-05
1321	2.25936e-05
1322	1.80749e-05
1323	2.45302e-05
1324	2.64668e-05
1325	2.90489e-05
1326	2.96944e-05
1327	2.64668e-05
1328	1.61383e-05
1329	2.38846e-05
1330	2.00115e-05
1331	2.84034e-05
1332	2.0657e-05
1333	2.25936e-05
1334	2.45302e-05
1335	2.1948e-05
1336	2.13025e-05
1337	2.00115e-05
1338	1.74293e-05
1339	3.03399e-05
1340	2.1948e-05
1341	2.45302e-05
1342	2.0657e-05
1343	2.13025e-05
1344	2.1948e-05
1345	2.0657e-05
1346	1.54927e-05
1347	2.38846e-05
1348	2.32391e-05
1349	2.1948e-05
1350	2.25936e-05
1351	1.67838e-05
1352	1.87204e-05
1353	1.61383e-05
1354	1.87204e-05
1355	2.77578e-05
1356	2.45302e-05
1357	2.13025e-05
1358	1.80749e-05
1359	2.13025e-05
1360	1.74293e-05
1361	1.74293e-05
1362	1.87204e-05
1363	1.54927e-05
1364	1.67838e-05
1365	1.35561e-05
1366	2.0657e-05
1367	2.32391e-05
1368	2.38846e-05
1369	2.0657e-05
1370	1.80749e-05
1371	1.61383e-05
1372	1.74293e-05
1373	1.61383e-05
1374	2.51757e-05
1375	2.25936e-05
1376	1.67838e-05
1377	2.0657e-05
1378	1.93659e-05
1379	2.25936e-05
1380	1.93659e-05
1381	2.00115e-05
1382	1.67838e-05
1383	1.74293e-05
1384	1.54927e-05
1385	2.45302e-05
1386	1.0974e-05
1387	2.13025e-05
1388	1.22651e-05
1389	2.58212e-05
1390	1.87204e-05
1391	2.0657e-05
1392	1.29106e-05
1393	1.22651e-05
1394	1.54927e-05
1395	1.29106e-05
1396	1.93659e-05
1397	2.13025e-05
1398	9.03743e-06
1399	1.87204e-05
1400	1.0974e-05
1401	1.61383e-05
1402	1.29106e-05
1403	1.80749e-05
1404	1.67838e-05
1405	1.67838e-05
1406	1.0974e-05
1407	2.1948e-05
1408	1.93659e-05
1409	1.22651e-05
1410	1.22651e-05
1411	2.00115e-05
1412	1.87204e-05
1413	1.29106e-05
1414	1.61383e-05
1415	1.87204e-05
1416	2.32391e-05
1417	1.03285e-05
1418	1.54927e-05
1419	2.0657e-05
1420	1.0974e-05
1421	1.22651e-05
1422	1.22651e-05
1423	1.42017e-05
1424	1.93659e-05
1425	7.74637e-06
1426	1.03285e-05
1427	1.67838e-05
1428	2.00115e-05
1429	1.80749e-05
1430	1.80749e-05
1431	2.71123e-05
1432	1.93659e-05
1433	1.42017e-05
1434	1.22651e-05
1435	1.74293e-05
1436	1.54927e-05
1437	1.42017e-05
1438	1.74293e-05
1439	1.61383e-05
1440	1.22651e-05
1441	1.42017e-05
1442	1.67838e-05
1443	2.45302e-05
1444	1.54927e-05
1445	2.25936e-05
1446	1.35561e-05
1447	1.74293e-05
1448	1.61383e-05
1449	1.67838e-05
1450	1.93659e-05
1451	2.00115e-05
1452	1.74293e-05
1453	1.16196e-05
1454	1.67838e-05
1455	1.80749e-05
1456	1.80749e-05
1457	1.48472e-05
1458	1.54927e-05
1459	1.87204e-05
1460	1.48472e-05
1461	1.74293e-05
1462	1.67838e-05
1463	1.0974e-05
1464	1.35561e-05
1465	1.54927e-05
1466	1.61383e-05
1467	1.93659e-05
1468	1.16196e-05
1469	9.68296e-06
1470	1.74293e-05
1471	1.03285e-05
1472	1.35561e-05
1473	1.16196e-05
1474	1.87204e-05
1475	1.29106e-05
1476	2.00115e-05
1477	1.48472e-05
1478	1.0974e-05
1479	1.48472e-05
1480	1.61383e-05
1481	1.67838e-05
1482	1.87204e-05
1483	9.68296e-06
1484	1.61383e-05
1485	1.67838e-05
1486	1.48472e-05
1487	1.61383e-05
1488	1.74293e-05
1489	1.54927e-05
1490	1.67838e-05
1491	1.67838e-05
1492	1.80749e-05
1493	1.67838e-05
1494	1.16196e-05
1495	1.48472e-05
1496	1.42017e-05
1497	1.54927e-05
1498	1.61383e-05
1499	1.80749e-05
1500	1.35561e-05
1501	1.67838e-05
1502	1.74293e-05
1503	1.74293e-05
1504	1.16196e-05
1505	2.1948e-05
1506	1.67838e-05
1507	1.0974e-05
1508	1.87204e-05
1509	1.48472e-05
1510	1.61383e-05
1511	1.42017e-05
1512	1.42017e-05
1513	1.67838e-05
1514	1.61383e-05
1515	1.35561e-05
1516	1.61383e-05
1517	1.42017e-05
1518	2.1948e-05
1519	1.87204e-05
1520	2.13025e-05
1521	1.61383e-05
1522	1.61383e-05
1523	1.54927e-05
1524	1.87204e-05
1525	1.74293e-05
1526	2.38846e-05
1527	1.22651e-05
1528	1.48472e-05
1529	2.58212e-05
1530	1.87204e-05
1531	1.03285e-05
1532	1.80749e-05
1533	1.42017e-05
1534	1.16196e-05
1535	1.80749e-05
1536	1.29106e-05
1537	1.29106e-05
1538	1.54927e-05
1539	1.61383e-05
1540	2.1948e-05
1541	1.93659e-05
1542	1.80749e-05
1543	1.80749e-05
1544	1.29106e-05
1545	1.74293e-05
1546	1.54927e-05
1547	1.67838e-05
1548	2.25936e-05
1549	1.48472e-05
1550	1.42017e-05
1551	1.61383e-05
1552	1.74293e-05
1553	7.74637e-06
1554	1.67838e-05
1555	1.35561e-05
1556	1.74293e-05
1557	1.80749e-05
1558	1.67838e-05
1559	1.67838e-05
1560	1.29106e-05
1561	7.74637e-06
1562	1.35561e-05
1563	1.35561e-05
1564	1.22651e-05
1565	7.74637e-06
1566	1.35561e-05
1567	6.45531e-06
1568	1.03285e-05
1569	1.42017e-05
1570	9.68296e-06
1571	1.29106e-05
1572	1.16196e-05
1573	1.03285e-05
1574	9.68296e-06
1575	9.68296e-06
1576	1.03285e-05
1577	1.61383e-05
1578	1.22651e-05
1579	9.03743e-06
1580	8.3919e-06
1581	9.68296e-06
1582	1.22651e-05
1583	7.74637e-06
1584	1.29106e-05
1585	1.03285e-05
1586	1.03285e-05
1587	9.68296e-06
1588	8.3919e-06
1589	9.68296e-06
1590	7.10084e-06
1591	6.45531e-06
1592	1.22651e-05
1593	5.80978e-06
1594	8.3919e-06
1595	1.0974e-05
1596	1.03285e-05
1597	9.03743e-06
1598	6.45531e-06
1599	7.10084e-06
1600	8.3919e-06
1601	7.74637e-06
1602	1.22651e-05
1603	4.51871e-06
1604	5.80978e-06
1605	4.51871e-06
1606	5.16425e-06
1607	5.80978e-06
1608	1.93659e-06
1609	7.74637e-06
1610	8.3919e-06
1611	3.22765e-06
1612	3.87318e-06
1613	4.51871e-06
1614	5.80978e-06
1615	5.16425e-06
1616	1.93659e-06
1617	2.58212e-06
1618	9.68296e-06
1619	7.10084e-06
1620	3.22765e-06
1621	7.10084e-06
1622	7.74637e-06
1623	5.16425e-06
1624	3.87318e-06
1625	5.16425e-06
1626	3.87318e-06
1627	6.45531e-06
1628	6.45531e-06
1629	3.87318e-06
1630	3.22765e-06
1631	8.3919e-06
1632	7.74637e-06
1633	1.93659e-06
1634	4.51871e-06
1635	3.22765e-06
1636	4.51871e-06
1637	3.22765e-06
1638	6.45531e-07
1639	5.16425e-06
1640	3.22765e-06
1641	6.45531e-06
1642	7.10084e-06
1643	5.80978e-06
1644	2.58212e-06
1645	3.87318e-06
1646	3.87318e-06
1647	3.87318e-06
1648	4.51871e-06
1649	1.93659e-06
1650	3.22765e-06
1651	3.22765e-06
1652	2.58212e-06
1653	1.93659e-06
1654	1.93659e-06
1655	1.29106e-06
1656	3.22765e-06
1657	3.87318e-06
1659	3.87318e-06
1660	6.45531e-07
1661	1.29106e-06
1662	3.87318e-06
1663	1.29106e-06
1664	5.16425e-06
1666	6.45531e-07
1667	1.29106e-06
1670	1.29106e-06
1671	1.29106e-06
1672	1.93659e-06
1673	3.22765e-06
1674	1.29106e-06
1675	1.93659e-06
1677	2.58212e-06
1680	1.29106e-06
1683	2.58212e-06
1684	2.58212e-06
1685	1.29106e-06
1686	6.45531e-07
1687	1.93659e-06
1689	6.45531e-07
1692	2.58212e-06
1693	6.45531e-07
1694	6.45531e-07
1697	1.29106e-06
1698	6.45531e-07
1701	1.29106e-06
1714	6.45531e-07
1720	6.45531e-07
1728	1.29106e-06
1734	6.45531e-07
1736	6.45531e-07
